0000809784
0001333002
0001339928
0001367509
0002413811
0002413812
0002413813
0002414056
0002414058
0002414152
0002414161
0002414162
0002414188
0002414340
0002414356
0002414358
0002414528
0002414638
0002414642
0002414651
0002414658
0002414670
0002414706
0002414711
0002414714
0002414753
0002415084
0002415089
0002415094
0002415098
0002415102
0002415109
0002415185
0002415188
0002415211
0002415458
0002415700
0002415711
0002415714
0002415720
0002415721
0002415732
0002415742
0002415763
0002415800
0002415844
0002415857
0002415867
0002416008
0002416010
0002416064
0002416068
0002416075
0002416078
0002416082
0002416315
0002416438
0002416439
0002416625
0002416811
0002416818
0002417191
0002417192
0002417197
0002417209
0002417969
0002418218
0002418382
0002418734
0002418735
0002418737
0002418947
0002418951
0002418952
0002418966
0002418985
0002418987
0002419128
0002420215
0002421590
0002421603
0002422513
0002422517
0002422664
0002422721
0002423174
0002424647
0002425008
0002425146
0002425473
0002425476
0002425523
